_viz_0 = nengo_gui.components.Slider(item_selector)
_viz_config[_viz_0].max_value = 5
_viz_config[_viz_0].min_value = 0
_viz_config[_viz_0].x = 0.16847995438910976
_viz_config[_viz_0].y = 0.8564172863001351
_viz_config[_viz_0].width = 0.1457725947521866
_viz_config[_viz_0].height = 0.12547051442910917
_viz_config[_viz_0].label_visible = True
_viz_1 = nengo_gui.components.Slider(identities)
_viz_config[_viz_1].max_value = 5
_viz_config[_viz_1].min_value = 0
_viz_config[_viz_1].x = 0.41456458359741405
_viz_config[_viz_1].y = 0.1381195927681827
_viz_config[_viz_1].width = 0.40816326530612246
_viz_config[_viz_1].height = 0.1254705048564686
_viz_config[_viz_1].label_visible = True
_viz_2 = nengo_gui.components.Slider(locations)
_viz_config[_viz_2].max_value = 5
_viz_config[_viz_2].min_value = -5
_viz_config[_viz_2].x = 0.42768411712511084
_viz_config[_viz_2].y = 0.3822437159482288
_viz_config[_viz_2].width = 0.42128279883381925
_viz_config[_viz_2].height = 0.12547051442910917
_viz_config[_viz_2].label_visible = True
_viz_3 = nengo_gui.components.HTMLView(heatmap_node)
_viz_config[_viz_3].x = 0.6899760222377823
_viz_config[_viz_3].y = 0.7628577804350202
_viz_config[_viz_3].width = 0.2445095168374817
_viz_config[_viz_3].height = 0.20577166280902015
_viz_config[_viz_3].label_visible = True
_viz_net_graph = nengo_gui.components.NetGraph()
_viz_progress = nengo_gui.components.Progress()
_viz_config[_viz_progress].x = 0
_viz_config[_viz_progress].y = 0
_viz_config[_viz_progress].width = 100
_viz_config[_viz_progress].height = 100
_viz_config[_viz_progress].label_visible = True
_viz_sim_control = nengo_gui.components.SimControl()
_viz_config[_viz_sim_control].shown_time = 0.5
_viz_config[_viz_sim_control].kept_time = 4.0
_viz_config[env].pos=(0.3550724637681159, 0.3087248322147651)
_viz_config[env].size=(0.05797101449275362, 0.053691275167785234)
_viz_config[heatmap_node].pos=(0.9057971014492753, 0.5033557046979865)
_viz_config[heatmap_node].size=(0.05797101449275362, 0.053691275167785234)
_viz_config[identities].pos=(0.09420289855072464, 0.12080536912751677)
_viz_config[identities].size=(0.05797101449275362, 0.053691275167785234)
_viz_config[item_selector].pos=(0.09420289855072464, 0.8791946308724833)
_viz_config[item_selector].size=(0.05797101449275362, 0.053691275167785234)
_viz_config[locations].pos=(0.09420289855072464, 0.4966442953020134)
_viz_config[locations].size=(0.05797101449275362, 0.053691275167785234)
_viz_config[memory].pos=(0.6304347826086957, 0.3087248322147651)
_viz_config[memory].size=(0.07246376811594202, 0.06711409395973154)
_viz_config[model].pos=(0, 0)
_viz_config[model].size=(1.0, 1.0)
_viz_config[model].expanded=True
_viz_config[model].has_layout=True